1 10 20
100 200 125
201 210 89
900 1000 174
1 1 1
2 2 2
9 9 20
10 1 20
200 100 125
210 201 89
1000 900 174
1 100 119
100 1 119
1 2 2
2 1 2
50 100 119
100 50 119
1 1000 179
1000 1 179
500 1000 179
1000 500 179
1 500 144
500 1 144
100 500 144
500 100 144
10 20 21
20 10 21
1 9 20
9 1 20
100 101 26
101 100 26
200 201 27
201 200 27
300 400 144
400 300 144
500 600 137
600 500 137
700 800 171
800 700 171
900 901 55
901 900 55
100 300 128
300 100 128
400 600 142
600 400 142
700 900 179
900 700 179
1 3 8
3 1 8
2 4 8
4 2 8
5 7 17
7 5 17
8 10 20
10 8 20
11 13 15
13 11 15
14 16 18
16 14 18
17 19 21
19 17 21
20 22 16
22 20 16
23 25 24
25 23 24
26 28 112
28 26 112
29 31 107
31 29 107
32 34 27
34 32 27
35 37 22
37 35 22
38 40 35
40 38 35
41 43 110
43 41 110
44 46 17
46 44 17
47 49 105
49 47 105
50 52 25
52 50 25
53 55 113
55 53 113
56 58 33
58 56 33
59 61 33
61 59 33
62 64 108
64 62 108
65 67 28
67 65 28
68 70 15
70 68 15
71 73 116
73 71 116
74 76 23
76 74 23
77 79 36
79 77 36
80 82 111
82 80 111
83 85 111
85 83 111
86 88 31
88 86 31
89 91 93
91 89 93
92 94 106
94 92 106
95 97 119
97 95 119
98 100 26
100 98 26
1641 6087 238
7765 7877 221
3466 5095 238
7724 8809 252
7077 8235 252
8360 8768 216
4722 5221 210
7635 7976 252
2926 8234 262
1885 4513 238
2341 3285 217
4613 6271 262
2554 3794 238
4028 7490 262
8098 8881 234
1999 6763 262
6177 8288 257
4532 4963 210
1788 5874 238
1671 4598 238
8778 8927 185
6112 7774 262
6341 7831 257
1929 6289 262
1116 5983 238
1142 8751 262
7752 8395 252
6607 7451 257
3003 3731 238
7441 8432 252
5407 6997 262
3492 5625 238
3771 4331 202
4880 5523 210
6589 8721 257
7522 7571 151
4810 5389 210
3390 4531 238
8258 8600 234
7727 8521 252
5104 8840 262
1128 2923 217
3007 6890 262
5964 7659 262
1781 6654 262
6330 8599 257
2415 6891 262
8146 8225 190
3478 4553 238
4461 5072 210
