1 10 20
100 200 125
201 210 89
900 1000 174
10 100 119
1 2 2
2 1 2
1 1 1
1 1000 179
1000 2000 182
2000 3000 217
3000 4000 238
4000 5000 215
5000 6000 236
6000 7000 262
7000 8000 252
8000 9000 247
9000 10000 260
10000 11000 268
11000 12000 250
12000 13000 263
13000 14000 276
14000 15000 271
15000 16000 271
16000 17000 266
17000 18000 279
18000 19000 261
20000 21000 256
21000 22000 269
22000 23000 269
23000 24000 282
24000 25000 264
25000 26000 264
26000 27000 308
27000 28000 259
29000 30000 272
30000 31000 272
31000 30000 272
30000 29000 272
29000 28000 259
28000 27000 259
27000 26000 308
26000 25000 264
25000 24000 264
24000 23000 282
23000 22000 269
22000 21000 269
21000 20000 256
20000 19000 274
19000 18000 261
18000 17000 279
1700 16000 276
16000 15000 271
15000 14000 271
14000 13000 276
13000 12000 263
12000 11000 250
11000 10000 268
10000 9000 260
9000 8000 247
8000 7000 252
7000 6000 262
6000 5000 236
5000 4000 215
4000 3000 238
3000 2000 217
2000 1000 182
1000 1 179
1 999999 525
999999 1 525
998000 999999 396
999998 999999 259
999999 999998 259
1 50000 324
10 100000 351
9 10 20
10 9 20
6 9 20
9 6 20
7 8 17
8 8 4
10 10 7
100 100 26
949000 950000 352
950000 951000 414
951000 952000 383
952000 953000 414
953000 954000 414
954000 955000 383
955000 956000 339
956000 957000 352
957000 958000 352
958000 959000 321
959000 960000 352
960000 961000 414
961000 962000 352
962000 963000 383
963000 964000 414
964000 965000 352
965000 966000 321
966000 967000 365
967000 968000 308
968000 969000 321
969000 970000 352
970000 971000 458
971000 972000 352
972000 973000 321
973000 974000 383
974000 975000 383
975000 976000 339
976000 977000 383
977000 978000 334
978000 979000 383
979000 980000 334
980000 981000 427
981000 982000 321
982000 983000 383
983000 984000 383
984000 985000 352
985000 986000 427
986000 987000 352
987000 988000 396
988000 989000 321
989000 990000 352
990000 991000 321
991000 992000 321
992000 993000 352
993000 994000 290
994000 995000 365
995000 996000 365
996000 997000 365
997000 998000 440
998000 999000 396
999000 999999 396